
res = 3166830
t = [0   110    82    48]
t(2) * 0 + t(3) * 256 + t(4) * 256 * 256 + t(1) * 256 * 256 * 256